100 44 100
2 39 71 1 100
3 4 409 1 19
0 0 112 1 1
5 30 626 2 19
6 19 480 2 14
7 8 1 2 8
0 0 185 2 2
9 14 441 3 8
10 11 11 3 5
0 0 408 3 3
12 13 572 4 5
0 0 359 4 4
0 0 437 5 5
15 16 306 6 8
0 0 311 6 6
17 18 414 7 8
0 0 171 7 7
0 0 521 8 8
20 23 329 9 14
21 22 501 9 10
0 0 674 9 9
0 0 955 10 10
24 25 679 11 14
0 0 889 11 11
26 29 533 12 14
27 28 961 12 13
0 0 351 12 12
0 0 145 13 13
0 0 299 14 14
31 38 751 15 19
32 35 338 15 18
33 34 461 15 16
0 0 749 15 15
0 0 575 16 16
36 37 846 17 18
0 0 889 17 17
0 0 861 18 18
0 0 301 19 19
40 73 747 20 100
41 54 951 20 36
42 51 457 20 26
43 44 605 20 24
0 0 905 20 20
45 46 457 21 24
0 0 369 21 21
47 50 174 22 24
48 49 80 22 23
0 0 587 22 22
0 0 389 23 23
0 0 177 24 24
52 53 765 25 26
0 0 136 25 25
0 0 793 26 26
55 62 113 27 36
56 57 385 27 30
0 0 241 27 27
58 59 641 28 30
0 0 312 28 28
60 61 897 29 30
0 0 507 29 29
0 0 864 30 30
63 66 801 31 36
64 65 386 31 32
0 0 13 31 31
0 0 689 32 32
67 70 145 33 36
68 69 25 33 34
0 0 101 33 33
0 0 518 34 34
71 72 571 35 36
0 0 951 35 35
0 0 561 36 36
74 111 853 37 100
75 76 609 37 55
0 0 231 37 37
77 80 231 38 55
78 79 509 38 39
0 0 122 38 38
0 0 501 39 39
81 106 341 40 55
82 105 353 40 52
83 104 25 40 51
84 85 726 40 50
0 0 337 40 40
86 101 145 41 50
87 88 854 41 48
0 0 381 41 41
89 98 455 42 48
90 91 288 42 46
0 0 751 42 42
92 93 617 43 46
0 0 218 43 43
94 95 697 44 46
0 0 532 44 44
96 97 121 45 46
0 0 933 45 45
0 0 234 46 46
99 100 527 47 48
0 0 347 47 47
0 0 447 48 48
102 103 303 49 50
0 0 185 49 49
0 0 121 50 50
0 0 851 51 51
0 0 753 52 52
107 108 709 53 55
0 0 905 53 53
109 110 861 54 55
0 0 122 54 54
0 0 997 55 55
112 129 521 56 100
113 114 84 56 64
0 0 321 56 56
115 116 835 57 64
0 0 351 57 57
117 118 889 58 64
0 0 799 58 58
119 122 27 59 64
120 121 851 59 60
0 0 352 59 59
0 0 131 60 60
123 124 34 61 64
0 0 284 61 61
125 128 996 62 64
126 127 301 62 63
0 0 161 62 62
0 0 859 63 63
0 0 19 64 64
130 191 321 65 100
131 140 77 65 95
132 135 774 65 69
133 134 673 65 66
0 0 66 65 65
0 0 481 66 66
136 137 157 67 69
0 0 138 67 67
138 139 748 68 69
0 0 609 68 68
0 0 273 69 69
141 142 977 70 95
0 0 155 70 70
143 150 241 71 95
144 145 101 71 74
0 0 385 71 71
146 147 513 72 74
0 0 631 72 72
148 149 310 73 74
0 0 982 73 73
0 0 65 74 74
151 184 626 75 95
152 177 86 75 91
153 154 119 75 87
0 0 596 75 75
155 174 205 76 87
156 161 367 76 85
157 158 433 76 78
0 0 601 76 76
159 160 977 77 78
0 0 431 77 77
0 0 862 78 78
162 167 813 79 85
163 164 29 79 81
0 0 896 79 79
165 166 259 80 81
0 0 199 80 80
0 0 225 81 81
168 173 897 82 85
169 170 281 82 84
0 0 17 82 82
171 172 905 83 84
0 0 440 83 83
0 0 212 84 84
0 0 685 85 85
175 176 991 86 87
0 0 184 86 86
0 0 531 87 87
178 179 811 88 91
0 0 265 88 88
180 181 582 89 91
0 0 838 89 89
182 183 697 90 91
0 0 501 90 90
0 0 808 91 91
185 190 621 92 95
186 187 645 92 94
0 0 814 92 92
188 189 33 93 94
0 0 221 93 93
0 0 911 94 94
0 0 624 95 95
192 197 329 96 100
193 196 289 96 98
194 195 797 96 97
0 0 881 96 96
0 0 169 97 97
0 0 203 98 98
198 199 327 99 100
0 0 2 99 99
0 0 501 100 100
20 27 749
29 91 323
51 63 581
31 44 630
26 77 661
9 69 488
40 91 152
21 83 477
6 29 743
15 46 928
57 66 44
2 35 937
26 69 121
49 77 573
23 55 233
65 93 89
47 89 508
25 42 677
25 59 271
83 86 755
1 87 993
11 51 77
31 47 817
26 41 377
21 38 351
61 65 86
5 51 744
34 91 688
9 93 258
72 97 161
87 95 661
9 84 453
51 99 778
51 58 46
1 48 821
37 41 417
39 81 499
5 61 947
1 53 575
18 92 519
57 85 80
1 11 385
57 77 545
42 45 55
22 76
1 99
51 71
9 29
85 97
24 74
9 96
31 99
5 79
18 21
3 81
48 77
19 61
65 81
79 96
9 41
21 34
3 67
61 66
49 61
36 71
44 51
45 81
36 82
28 41
17 47
46 75
71 78
17 97
13 91
16 18
54 81
5 26
6 87
85 93
1 45
46 51
41 71
21 31
6 33
39 85
72 85
73 94
25 66
7 53
59 91
25 77
41 77
21 21
29 44
25 61
25 29
12 25
29 91
17 93
77 97
58 76
49 81
49 56
21 70
40 88
13 28
1 49
9 41
58 97
87 93
46 80
67 69
49 56
17 25
14 29
69 83
61 79
5 61
82 91
1 85
27 49
53 76
31 77
1 59
41 91
21 29
60 67
9 19
5 95
25 61
75 91
52 53
25 72
28 55
41 96
34 53
1 75
1 1
1 51
25 97
7 86
7 17
37 65
56 77
