1938060
2273300
2666353
3204792
5168739
5577373
9548711
11468985
13221917
17125124
22770609
27176641
33535631
37818570
53041084
60817479
62895507
67032794
75013003
108695726
124096589
136822029
158120800
169281098
177900721
200545375
205541684
210441102
219232318
224455879
238545812
247318803
249523781
261632776
263652609
284644437
297959167
306278370
310103989
318541859
335913149
340023631
343230051
370314866
371570461
384177835
403823252
416855042
429526511
440755444
445373697
452426326
457869995
485403271
496786582
542047839
556115829
559757026
564421033
592143291
608758828
637506124
652338646
660326402
679614126
686571680
731632866
737290650
738566617
740059329
746170528
802395843
810816600
850474874
862158761
869468003
896405228
897257183
912431286
954992065
987766875
1003165298
1003094407
1006723039
1029835636
1061252864
1083628342
1093901221
1096945158
1104513158
1124394392
1132960395
1151964318
1167152325
1178813238
1194247448
1209858173
1235990225
1249720102
1258172760
1285757601
1336612408
1361686249
1392157790
1433793587
1439497025
1450457021
1463659662
1474144734
1488175369
1494329311
1513417055
1519201289
1525703999
1540987278
1558633917
1603370135
1635222490
1680014251
1719376341
1733858140
1774815753
1822668675
1833960067
1850706422
1868483202
1890419118
1911266181
1950606446
1960374763
1987629009
2009469018
2018043565
2030360627
2053096403
2066483430
2067887712
2071834831
2098850758
2114875283
2135063379
2140785177
2141008899
2160644349
2190180009
2208726946
2249051086
2281912105
2302782982
2311735949
2336518420
2341578944
2405290364
2412906047
2452770952
2471469860
2521281537
2536307329
2564801938
2575452051
2652635390
2652953641
2659457858
2736042023
2808726702
2824431474
2825843543
2920808683
3010678984
3020309532
3058445197
3089307093
3098070158
3183756371
3190968716
3194001537
3203148204
3242760837
3290810212
3313901824
3320425277
3380283185
3445660674
3464460910
3526722245
3542611429
3557210530
3597639242
3647194137
3656380274
3673024183
3679388207
3725370349
3728944241
3803799200
3848496716
3852401641
3870825245
3957808165
4041963478
4099710932
4120120846
4180355229
4224444905
4228505299
4239764999
4281208450
4305266618
4321944086
4344379444
4361118402
4380428385
4456221662
4458239103
4517931762
4553701839
4565435000
4603561195
4606913057
4637358713
4657038971
4664434378
4668751060
4689893213
4692004412
4718701302
4725937350
4735127246
4776149673
4781342548
4814221845
4827391349
4833396620
4888497571
4892650005
4915583154
4931477075
4933130549
5033454634
5042096093
5066680248
5072045692
5115637162
5183583833
5255546294
5275481302
5281797716
5296629629
5343431232
5349017028
5355365172
5395341613
5494605100
5517129551
5572209238
5649935120
5718922241
5763430251
5769475254
5777540508
5788931004
5791633575
5806875870
5830749007
5877881384
5901509806
5963126227
6054288782
6113322014
6114360155
6135871713
6162799872
6193902524
6205018689
6242138596
6318389224
6335431509
6345765292
6351975250
6375897673
6445769148
6536007756
6614812865
6618991258
6627655230
6664638447
6707682151
6734367034
6737891311
6743517322
6751118164
6842300658
6867708385
6873449659
6897047064
6917139629
6925176041
6925766569
6957259792
6966047483
6964637360
6974817437
7016207553
7044365414
7048290382
7065574665
7070088634
7075413095
7099113365
7116668023
7137700543
7183063422
7219560602
7342612575
7347115908
7402751064
7413670265
7445405797
7458906174
7498098125
7516100778
7530188669
7577970433
7616728793
7637731441
7644473381
7656739390
7689367328
7742173479
7759217594
7787294260
7875777145
7916354199
7949661180
7974455457
7976924224
8043539228
8096023718
8102486550
8111352115
8111817229
8122529474
8124631199
8137697277
8148555603
8160381454
8219175203
8231767313
8436788854
8467437007
8483959422
8492378435
8496092545
8522615596
8549081182
8622323771
8644564448
8762917276
8807884530
8809002042
8848986095
8882524378
8884566533
8883494486
8891177657
8892879684
8912450002
8941074971
8981023540
8979599384
8985328228
9013321261
9016806553
9029075394
9053513712
9143831322
9162786995
9182729266
9204670297
9221377373
9250673247
9288011976
9314903129
9389761248
9469261247
9526742905
9606299663
9641610702
9644059187
9649581239
9651035214
9696752054
9822274816
9864543155
9894217784
9953409608
9957921570
10008478279
10025104992
10070589939
