1000 1000 1000
2 159 425 1 1000
3 4 817 1 79
0 0 141 1 1
5 20 793 2 79
6 15 601 2 9
7 12 212 2 6
8 9 596 2 4
0 0 91 2 2
10 11 165 3 4
0 0 250 3 3
0 0 370 4 4
13 14 708 5 6
0 0 43 5 5
0 0 221 6 6
16 19 617 7 9
17 18 555 7 8
0 0 651 7 7
0 0 341 8 8
0 0 581 9 9
21 140 1 10 79
22 43 966 10 69
23 24 23 10 20
0 0 745 10 10
25 26 475 11 20
0 0 165 11 11
27 32 201 12 20
28 29 25 12 14
0 0 761 12 12
30 31 745 13 14
0 0 274 13 13
0 0 464 14 14
33 34 976 15 20
0 0 553 15 15
35 36 11 16 20
0 0 869 16 16
37 38 505 17 20
0 0 465 17 17
39 40 381 18 20
0 0 467 18 18
41 42 196 19 20
0 0 603 19 19
0 0 281 20 20
44 71 589 21 69
45 56 221 21 34
46 53 201 21 26
47 48 769 21 24
0 0 545 21 21
49 50 541 22 24
0 0 870 22 22
51 52 723 23 24
0 0 816 23 23
0 0 431 24 24
54 55 366 25 26
0 0 538 25 25
0 0 560 26 26
57 58 201 27 34
0 0 599 27 27
59 66 201 28 34
60 61 28 28 31
0 0 117 28 28
62 63 973 29 31
0 0 251 29 29
64 65 92 30 31
0 0 970 30 30
0 0 925 31 31
67 68 497 32 34
0 0 822 32 32
69 70 729 33 34
0 0 993 33 33
0 0 429 34 34
72 93 542 35 69
73 90 956 35 45
74 85 862 35 43
75 82 553 35 40
76 81 861 35 38
77 78 801 35 37
0 0 397 35 35
79 80 330 36 37
0 0 851 36 36
0 0 626 37 37
0 0 237 38 38
83 84 179 39 40
0 0 51 39 39
0 0 393 40 40
86 87 441 41 43
0 0 170 41 41
88 89 336 42 43
0 0 852 42 42
0 0 161 43 43
91 92 137 44 45
0 0 385 44 44
0 0 611 45 45
94 95 995 46 69
0 0 839 46 46
96 137 231 47 69
97 112 116 47 67
98 105 497 47 54
99 100 425 47 50
0 0 895 47 47
101 104 583 48 50
102 103 285 48 49
0 0 1 48 48
0 0 866 49 49
0 0 680 50 50
106 107 801 51 54
0 0 337 51 51
108 111 253 52 54
109 110 377 52 53
0 0 52 52 52
0 0 555 53 53
0 0 1 54 54
113 134 795 55 67
114 123 851 55 65
115 118 489 55 59
116 117 533 55 56
0 0 567 55 55
0 0 411 56 56
119 120 781 57 59
0 0 401 57 57
121 122 801 58 59
0 0 975 58 58
0 0 98 59 59
124 133 529 60 65
125 126 188 60 64
0 0 246 60 60
127 128 7 61 64
0 0 606 61 61
129 130 129 62 64
0 0 593 62 62
131 132 780 63 64
0 0 796 63 63
0 0 463 64 64
0 0 772 65 65
135 136 187 66 67
0 0 1 66 66
0 0 337 67 67
138 139 337 68 69
0 0 788 68 68
0 0 561 69 69
141 156 989 70 79
142 155 590 70 77
143 148 282 70 76
144 145 919 70 72
0 0 143 70 70
146 147 429 71 72
0 0 241 71 71
0 0 557 72 72
149 154 183 73 76
150 153 673 73 75
151 152 993 73 74
0 0 85 73 73
0 0 457 74 74
0 0 229 75 75
0 0 294 76 76
0 0 895 77 77
157 158 199 78 79
0 0 696 78 78
0 0 748 79 79
160 161 864 80 1000
0 0 636 80 80
162 451 541 81 1000
163 352 271 81 225
164 349 488 81 175
165 334 635 81 173
166 265 201 81 165
167 218 989 81 130
168 211 385 81 106
169 198 196 81 102
170 197 917 81 95
171 188 487 81 94
172 179 774 81 89
173 174 577 81 84
0 0 286 81 81
175 176 357 82 84
0 0 157 82 82
177 178 301 83 84
0 0 551 83 83
0 0 239 84 84
180 181 719 85 89
0 0 249 85 85
182 185 533 86 89
183 184 449 86 87
0 0 261 86 86
0 0 701 87 87
186 187 26 88 89
0 0 273 88 88
0 0 601 89 89
189 190 250 90 94
0 0 607 90 90
191 196 823 91 94
192 193 675 91 93
0 0 901 91 91
194 195 713 92 93
0 0 380 92 92
0 0 831 93 93
0 0 794 94 94
0 0 105 95 95
199 200 873 96 102
0 0 477 96 96
201 208 624 97 102
202 203 311 97 100
0 0 33 97 97
204 207 923 98 100
205 206 601 98 99
0 0 456 98 98
0 0 753 99 99
0 0 689 100 100
209 210 981 101 102
0 0 274 101 101
0 0 701 102 102
212 217 880 103 106
213 216 413 103 105
214 215 616 103 104
0 0 321 103 103
0 0 441 104 104
0 0 134 105 105
0 0 195 106 106
219 250 703 107 130
220 233 458 107 122
221 222 497 107 113
0 0 587 107 107
223 224 881 108 113
0 0 921 108 108
225 226 785 109 113
0 0 91 109 109
227 228 561 110 113
0 0 136 110 110
229 230 429 111 113
0 0 289 111 111
231 232 425 112 113
0 0 212 112 112
0 0 618 113 113
234 247 837 114 122
235 236 330 114 120
0 0 793 114 114
237 238 995 115 120
0 0 388 115 115
239 240 1 116 120
0 0 561 116 116
241 246 941 117 120
242 243 781 117 119
0 0 171 117 117
244 245 417 118 119
0 0 101 118 118
0 0 491 119 119
0 0 153 120 120
248 249 971 121 122
0 0 277 121 121
0 0 201 122 122
251 264 121 123 130
252 257 357 123 129
253 254 307 123 125
0 0 61 123 123
255 256 567 124 125
0 0 689 124 124
0 0 653 125 125
258 259 317 126 129
0 0 661 126 126
260 261 41 127 129
0 0 349 127 127
262 263 891 128 129
0 0 541 128 128
0 0 77 129 129
0 0 858 130 130
266 323 981 131 165
267 276 62 131 159
268 269 909 131 135
0 0 913 131 131
270 275 501 132 135
271 272 278 132 134
0 0 11 132 132
273 274 73 133 134
0 0 633 133 133
0 0 3 134 134
0 0 32 135 135
277 292 496 136 159
278 285 470 136 143
279 284 537 136 139
280 283 392 136 138
281 282 177 136 137
0 0 303 136 136
0 0 451 137 137
0 0 854 138 138
0 0 491 139 139
286 287 735 140 143
0 0 732 140 140
288 289 603 141 143
0 0 728 141 141
290 291 300 142 143
0 0 961 142 142
0 0 557 143 143
293 294 961 144 159
0 0 241 144 144
295 320 817 145 159
296 313 804 145 157
297 308 345 145 153
298 307 501 145 150
299 304 869 145 149
300 301 975 145 147
0 0 457 145 145
302 303 938 146 147
0 0 128 146 146
0 0 69 147 147
305 306 965 148 149
0 0 725 148 148
0 0 296 149 149
0 0 955 150 150
309 310 281 151 153
0 0 73 151 151
311 312 965 152 153
0 0 501 152 152
0 0 6 153 153
314 317 281 154 157
315 316 809 154 155
0 0 857 154 154
0 0 986 155 155
318 319 261 156 157
0 0 817 156 156
0 0 850 157 157
321 322 126 158 159
0 0 729 158 158
0 0 425 159 159
324 327 133 160 165
325 326 361 160 161
0 0 5 160 160
0 0 951 161 161
328 329 398 162 165
0 0 965 162 162
330 331 401 163 165
0 0 231 163 163
332 333 347 164 165
0 0 237 164 164
0 0 339 165 165
335 346 724 166 173
336 339 797 166 171
337 338 487 166 167
0 0 971 166 166
0 0 431 167 167
340 345 968 168 171
341 342 861 168 170
0 0 19 168 168
343 344 849 169 170
0 0 33 169 169
0 0 763 170 170
0 0 1000 171 171
347 348 373 172 173
0 0 658 172 172
0 0 761 173 173
350 351 681 174 175
0 0 907 174 174
0 0 415 175 175
353 378 452 176 225
354 367 461 176 188
355 364 55 176 182
356 363 439 176 180
357 362 891 176 179
358 359 857 176 178
0 0 74 176 176
360 361 889 177 178
0 0 183 177 177
0 0 671 178 178
0 0 565 179 179
0 0 282 180 180
365 366 876 181 182
0 0 423 181 181
0 0 449 182 182
368 377 707 183 188
369 374 883 183 187
370 371 432 183 185
0 0 61 183 183
372 373 787 184 185
0 0 817 184 184
0 0 97 185 185
375 376 841 186 187
0 0 181 186 186
0 0 961 187 187
0 0 919 188 188
379 428 633 189 225
380 393 969 189 213
381 382 956 189 195
0 0 291 189 189
383 386 517 190 195
384 385 986 190 191
0 0 455 190 190
0 0 351 191 191
387 392 153 192 195
388 389 577 192 194
0 0 798 192 192
390 391 673 193 194
0 0 759 193 193
0 0 61 194 194
0 0 24 195 195
394 421 176 196 213
395 410 921 196 209
396 399 896 196 203
397 398 523 196 197
0 0 765 196 196
0 0 461 197 197
400 403 582 198 203
401 402 521 198 199
0 0 461 198 198
0 0 751 199 199
404 405 971 200 203
0 0 91 200 200
406 407 787 201 203
0 0 831 201 201
408 409 97 202 203
0 0 239 202 202
0 0 601 203 203
411 420 744 204 209
412 413 797 204 208
0 0 426 204 204
414 419 201 205 208
415 416 556 205 207
0 0 211 205 205
417 418 317 206 207
0 0 478 206 206
0 0 251 207 207
0 0 273 208 208
0 0 885 209 209
422 425 107 210 213
423 424 922 210 211
0 0 313 210 210
0 0 785 211 211
426 427 177 212 213
0 0 941 212 212
0 0 972 213 213
429 444 753 214 225
430 439 667 214 221
431 432 173 214 218
0 0 651 214 214
433 434 247 215 218
0 0 108 215 215
435 438 1 216 218
436 437 636 216 217
0 0 965 216 216
0 0 209 217 217
0 0 701 218 218
440 443 776 219 221
441 442 921 219 220
0 0 361 219 219
0 0 713 220 220
0 0 661 221 221
445 450 857 222 225
446 449 981 222 224
447 448 785 222 223
0 0 779 222 222
0 0 104 223 223
0 0 246 224 224
0 0 71 225 225
452 1093 457 226 1000
453 710 589 226 546
454 459 542 226 354
455 456 656 226 228
0 0 563 226 226
457 458 109 227 228
0 0 505 227 227
0 0 887 228 228
460 611 267 229 354
461 588 109 229 304
462 565 391 229 292
463 464 713 229 280
0 0 250 229 229
465 512 841 230 280
466 471 321 230 253
467 468 991 230 232
0 0 101 230 230
469 470 141 231 232
0 0 65 231 231
0 0 601 232 232
472 505 641 233 253
473 492 47 233 249
474 475 271 233 242
0 0 54 233 233
476 477 829 234 242
0 0 989 234 234
478 489 669 235 242
479 482 501 235 240
480 481 430 235 236
0 0 711 235 235
0 0 722 236 236
483 484 870 237 240
0 0 991 237 237
485 486 711 238 240
0 0 812 238 238
487 488 512 239 240
0 0 501 239 239
0 0 971 240 240
490 491 616 241 242
0 0 641 241 241
0 0 249 242 242
493 494 380 243 249
0 0 659 243 243
495 496 601 244 249
0 0 369 244 244
497 498 367 245 249
0 0 571 245 245
499 500 251 246 249
0 0 685 246 246
501 502 713 247 249
0 0 811 247 247
503 504 893 248 249
0 0 387 248 248
0 0 291 249 249
506 507 902 250 253
0 0 176 250 250
508 511 156 251 253
509 510 159 251 252
0 0 449 251 251
0 0 203 252 252
0 0 57 253 253
513 558 581 254 280
514 555 135 254 276
515 516 251 254 274
0 0 777 254 254
517 522 137 255 274
518 519 118 255 257
0 0 345 255 255
520 521 193 256 257
0 0 526 256 256
0 0 137 257 257
523 540 319 258 274
524 535 987 258 266
525 526 952 258 263
0 0 33 258 258
527 528 791 259 263
0 0 509 259 259
529 530 81 260 263
0 0 556 260 260
531 532 717 261 263
0 0 993 261 261
533 534 845 262 263
0 0 601 262 262
0 0 651 263 263
536 539 703 264 266
537 538 41 264 265
0 0 260 264 264
0 0 857 265 265
0 0 864 266 266
541 544 300 267 274
542 543 545 267 268
0 0 61 267 267
0 0 76 268 268
545 554 222 269 274
546 551 63 269 273
547 548 1 269 271
0 0 768 269 269
549 550 165 270 271
0 0 911 270 270
0 0 635 271 271
552 553 817 272 273
0 0 271 272 272
0 0 161 273 273
0 0 361 274 274
556 557 291 275 276
0 0 886 275 275
0 0 741 276 276
559 560 25 277 280
0 0 411 277 277
561 562 398 278 280
0 0 705 278 278
563 564 835 279 280
0 0 552 279 279
0 0 213 280 280
566 579 409 281 292
567 568 701 281 287
0 0 63 281 281
569 574 373 282 287
570 571 11 282 284
0 0 680 282 282
572 573 577 283 284
0 0 641 283 283
0 0 75 284 284
575 576 541 285 287
0 0 208 285 285
577 578 843 286 287
0 0 297 286 286
0 0 468 287 287
580 585 705 288 292
581 582 551 288 290
0 0 47 288 288
583 584 416 289 290
0 0 589 289 289
0 0 731 290 290
586 587 485 291 292
0 0 871 291 291
0 0 505 292 292
589 590 166 293 304
0 0 260 293 293
591 604 809 294 304
592 593 601 294 300
0 0 767 294 294
594 595 488 295 300
0 0 751 295 295
596 597 773 296 300
0 0 804 296 296
598 599 663 297 300
0 0 290 297 297
600 601 857 298 300
0 0 29 298 298
602 603 450 299 300
0 0 305 299 299
0 0 561 300 300
605 610 767 301 304
606 607 451 301 303
0 0 122 301 301
608 609 785 302 303
0 0 382 302 302
0 0 549 303 303
0 0 169 304 304
612 647 636 305 354
613 640 913 305 322
614 631 131 305 318
615 628 374 305 313
616 619 27 305 311
617 618 449 305 306
0 0 309 305 305
0 0 201 306 306
620 621 752 307 311
0 0 97 307 307
622 623 591 308 311
0 0 931 308 308
624 625 191 309 311
0 0 285 309 309
626 627 621 310 311
0 0 467 310 310
0 0 958 311 311
629 630 298 312 313
0 0 943 312 312
0 0 346 313 313
632 639 408 314 318
633 634 957 314 317
0 0 744 314 314
635 636 401 315 317
0 0 371 315 315
637 638 594 316 317
0 0 399 316 316
0 0 721 317 317
0 0 453 318 318
641 642 369 319 322
0 0 377 319 319
643 644 963 320 322
0 0 637 320 320
645 646 906 321 322
0 0 501 321 321
0 0 811 322 322
648 707 853 323 354
649 696 739 323 352
650 681 939 323 346
651 664 673 323 338
652 653 471 323 329
0 0 829 323 323
654 659 81 324 329
655 656 591 324 326
0 0 401 324 324
657 658 892 325 326
0 0 395 325 325
0 0 796 326 326
660 663 886 327 329
661 662 549 327 328
0 0 961 327 327
0 0 689 328 328
0 0 276 329 329
665 674 215 330 338
666 671 559 330 334
667 668 126 330 332
0 0 149 330 330
669 670 721 331 332
0 0 34 331 331
0 0 279 332 332
672 673 273 333 334
0 0 759 333 333
0 0 687 334 334
675 680 171 335 338
676 677 723 335 337
0 0 945 335 335
678 679 821 336 337
0 0 431 336 336
0 0 961 337 337
0 0 961 338 338
682 683 711 339 346
0 0 231 339 339
684 685 958 340 346
0 0 769 340 340
686 687 17 341 346
0 0 684 341 341
688 693 516 342 346
689 692 527 342 344
690 691 472 342 343
0 0 273 342 342
0 0 261 343 343
0 0 489 344 344
694 695 641 345 346
0 0 987 345 345
0 0 817 346 346
697 698 745 347 352
0 0 740 347 347
699 704 465 348 352
700 701 90 348 350
0 0 377 348 348
702 703 257 349 350
0 0 876 349 349
0 0 197 350 350
705 706 414 351 352
0 0 159 351 351
0 0 973 352 352
708 709 409 353 354
0 0 463 353 353
0 0 643 354 354
711 782 969 355 546
712 723 519 355 390
713 720 284 355 360
714 715 559 355 358
0 0 132 355 355
716 717 901 356 358
0 0 831 356 356
718 719 937 357 358
0 0 649 357 357
0 0 901 358 358
721 722 249 359 360
0 0 81 359 359
0 0 93 360 360
724 771 855 361 390
725 726 574 361 384
0 0 941 361 361
727 770 413 362 384
728 729 861 362 383
0 0 777 362 362
730 739 961 363 383
731 736 669 363 367
732 735 41 363 365
733 734 345 363 364
0 0 269 363 363
0 0 317 364 364
0 0 534 365 365
737 738 273 366 367
0 0 837 366 366
0 0 692 367 367
740 765 191 368 383
741 744 711 368 380
742 743 571 368 369
0 0 959 368 368
0 0 799 369 369
745 762 791 370 380
746 755 579 370 378
747 748 660 370 374
0 0 377 370 370
749 750 357 371 374
0 0 51 371 371
751 752 525 372 374
0 0 90 372 372
753 754 381 373 374
0 0 913 373 373
0 0 81 374 374
756 759 121 375 378
757 758 673 375 376
0 0 951 375 375
0 0 70 376 376
760 761 151 377 378
0 0 281 377 377
0 0 37 378 378
763 764 651 379 380
0 0 176 379 379
0 0 663 380 380
766 767 93 381 383
0 0 817 381 381
768 769 573 382 383
0 0 569 382 382
0 0 951 383 383
0 0 591 384 384
772 777 483 385 390
773 776 913 385 387
774 775 11 385 386
0 0 569 385 385
0 0 841 386 386
0 0 891 387 387
778 779 978 388 390
0 0 505 388 388
780 781 519 389 390
0 0 526 389 389
0 0 138 390 390
783 904 505 391 546
784 865 545 391 451
785 810 299 391 431
786 799 6 391 403
787 788 699 391 397
0 0 571 391 391
789 792 93 392 397
790 791 145 392 393
0 0 77 392 392
0 0 757 393 393
793 796 585 394 397
794 795 977 394 395
0 0 21 394 394
0 0 556 395 395
797 798 845 396 397
0 0 499 396 396
0 0 824 397 397
800 807 209 398 403
801 802 483 398 401
0 0 411 398 398
803 806 441 399 401
804 805 257 399 400
0 0 266 399 399
0 0 865 400 400
0 0 931 401 401
808 809 56 402 403
0 0 81 402 402
0 0 154 403 403
811 818 311 404 431
812 813 119 404 407
0 0 405 404 404
814 815 689 405 407
0 0 681 405 405
816 817 403 406 407
0 0 337 406 406
0 0 951 407 407
819 820 763 408 431
0 0 705 408 408
821 846 841 409 431
822 823 195 409 421
0 0 868 409 409
824 839 934 410 421
825 838 845 410 417
826 827 401 410 416
0 0 649 410 410
828 831 464 411 416
829 830 874 411 412
0 0 441 411 411
0 0 721 412 412
832 835 737 413 416
833 834 273 413 414
0 0 831 413 413
0 0 661 414 414
836 837 68 415 416
0 0 92 415 415
0 0 19 416 416
0 0 906 417 417
840 843 476 418 421
841 842 201 418 419
0 0 683 418 418
0 0 382 419 419
844 845 206 420 421
0 0 419 420 420
0 0 607 421 421
847 854 13 422 431
848 853 824 422 425
849 850 905 422 424
0 0 457 422 422
851 852 667 423 424
0 0 83 423 423
0 0 741 424 424
0 0 116 425 425
855 862 581 426 431
856 857 11 426 429
0 0 269 426 426
858 861 871 427 429
859 860 933 427 428
0 0 913 427 427
0 0 71 428 428
0 0 647 429 429
863 864 741 430 431
0 0 707 430 430
0 0 649 431 431
866 897 561 432 451
867 868 628 432 447
0 0 428 432 432
869 870 592 433 447
0 0 49 433 433
871 878 931 434 447
872 873 35 434 437
0 0 1 434 434
874 875 131 435 437
0 0 97 435 435
876 877 825 436 437
0 0 97 436 436
0 0 658 437 437
879 892 91 438 447
880 881 921 438 444
0 0 677 438 438
882 883 622 439 444
0 0 401 439 439
884 885 191 440 444
0 0 625 440 440
886 891 661 441 444
887 888 599 441 443
0 0 169 441 441
889 890 801 442 443
0 0 185 442 442
0 0 636 443 443
0 0 79 444 444
893 896 145 445 447
894 895 813 445 446
0 0 781 445 445
0 0 409 446 446
0 0 783 447 447
898 899 527 448 451
0 0 811 448 448
900 901 328 449 451
0 0 923 449 449
902 903 251 450 451
0 0 727 450 450
0 0 863 451 451
905 950 189 452 546
906 923 501 452 474
907 922 106 452 460
908 919 513 452 459
909 912 677 452 457
910 911 653 452 453
0 0 41 452 452
0 0 421 453 453
913 914 655 454 457
0 0 591 454 454
915 916 677 455 457
0 0 851 455 455
917 918 894 456 457
0 0 140 456 456
0 0 255 457 457
920 921 353 458 459
0 0 501 458 458
0 0 305 459 459
0 0 618 460 460
924 927 772 461 474
925 926 949 461 462
0 0 634 461 461
0 0 367 462 462
928 943 281 463 474
929 932 67 463 470
930 931 784 463 464
0 0 433 463 463
0 0 273 464 464
933 942 171 465 470
934 935 581 465 469
0 0 485 465 465
936 941 121 466 469
937 940 754 466 468
938 939 321 466 467
0 0 471 466 466
0 0 943 467 467
0 0 445 468 468
0 0 930 469 469
0 0 81 470 470
944 945 37 471 474
0 0 901 471 471
946 947 577 472 474
0 0 117 472 472
948 949 129 473 474
0 0 901 473 473
0 0 346 474 474
951 1036 22 475 546
952 1001 377 475 517
953 978 741 475 499
954 955 365 475 487
0 0 61 475 475
956 969 357 476 487
957 958 966 476 482
0 0 128 476 476
959 966 501 477 482
960 965 669 477 480
961 962 923 477 479
0 0 46 477 477
963 964 198 478 479
0 0 944 478 478
0 0 97 479 479
0 0 321 480 480
967 968 785 481 482
0 0 898 481 481
0 0 925 482 482
970 971 201 483 487
0 0 1 483 483
972 977 296 484 487
973 974 691 484 486
0 0 129 484 484
975 976 249 485 486
0 0 61 485 485
0 0 17 486 486
0 0 890 487 487
979 988 785 488 499
980 981 470 488 492
0 0 109 488 488
982 983 745 489 492
0 0 769 489 489
984 985 695 490 492
0 0 121 490 490
986 987 18 491 492
0 0 841 491 491
0 0 98 492 492
989 990 361 493 499
0 0 268 493 493
991 996 76 494 499
992 995 273 494 496
993 994 236 494 495
0 0 981 494 494
0 0 941 495 495
0 0 523 496 496
997 998 851 497 499
0 0 949 497 497
999 1000 501 498 499
0 0 869 498 498
0 0 185 499 499
1002 1033 309 500 517
1003 1022 11 500 515
1004 1005 464 500 509
0 0 873 500 500
1006 1007 701 501 509
0 0 561 501 501
1008 1009 405 502 509
0 0 517 502 502
1010 1015 583 503 509
1011 1012 582 503 505
0 0 360 503 503
1013 1014 901 504 505
0 0 163 504 504
0 0 369 505 505
1016 1017 41 506 509
0 0 118 506 506
1018 1019 901 507 509
0 0 169 507 507
1020 1021 421 508 509
0 0 765 508 508
0 0 733 509 509
1023 1026 509 510 515
1024 1025 50 510 511
0 0 407 510 510
0 0 557 511 511
1027 1028 245 512 515
0 0 749 512 512
1029 1030 143 513 515
0 0 707 513 513
1031 1032 872 514 515
0 0 697 514 514
0 0 386 515 515
1034 1035 876 516 517
0 0 985 516 516
0 0 632 517 517
1037 1084 711 518 546
1038 1065 225 518 541
1039 1040 719 518 531
0 0 584 518 518
1041 1054 345 519 531
1042 1049 717 519 525
1043 1044 798 519 522
0 0 105 519 519
1045 1046 105 520 522
0 0 971 520 520
1047 1048 601 521 522
0 0 26 521 521
0 0 489 522 522
1050 1051 181 523 525
0 0 129 523 523
1052 1053 681 524 525
0 0 698 524 524
0 0 110 525 525
1055 1056 522 526 531
0 0 501 526 526
1057 1062 265 527 531
1058 1059 501 527 529
0 0 476 527 527
1060 1061 865 528 529
0 0 952 528 528
0 0 929 529 529
1063 1064 717 530 531
0 0 541 530 530
0 0 171 531 531
1066 1067 967 532 541
0 0 877 532 532
1068 1069 211 533 541
0 0 881 533 533
1070 1081 409 534 541
1071 1072 721 534 539
0 0 365 534 534
1073 1074 953 535 539
0 0 138 535 535
1075 1076 209 536 539
0 0 725 536 536
1077 1080 791 537 539
1078 1079 559 537 538
0 0 74 537 537
0 0 647 538 538
0 0 626 539 539
1082 1083 46 540 541
0 0 403 540 540
0 0 322 541 541
1085 1090 351 542 546
1086 1087 251 542 544
0 0 708 542 542
1088 1089 114 543 544
0 0 937 543 543
0 0 780 544 544
1091 1092 349 545 546
0 0 729 545 545
0 0 936 546 546
1094 1533 353 547 1000
1095 1522 860 547 766
1096 1391 981 547 760
1097 1172 157 547 694
1098 1155 455 547 584
1099 1120 313 547 575
1100 1119 537 547 557
1101 1102 807 547 556
0 0 843 547 547
1103 1104 797 548 556
0 0 433 548 548
1105 1112 829 549 556
1106 1107 276 549 552
0 0 415 549 549
1108 1109 358 550 552
0 0 228 550 550
1110 1111 826 551 552
0 0 63 551 551
0 0 937 552 552
1113 1114 152 553 556
0 0 679 553 553
1115 1116 743 554 556
0 0 520 554 554
1117 1118 5 555 556
0 0 949 555 555
0 0 107 556 556
0 0 611 557 557
1121 1124 873 558 575
1122 1123 146 558 559
0 0 21 558 558
0 0 626 559 559
1125 1130 710 560 575
1126 1127 268 560 562
0 0 851 560 560
1128 1129 673 561 562
0 0 456 561 561
0 0 895 562 562
1131 1148 33 563 575
1132 1141 224 563 571
1133 1136 550 563 567
1134 1135 829 563 564
0 0 449 563 563
0 0 501 564 564
1137 1138 335 565 567
0 0 553 565 565
1139 1140 881 566 567
0 0 953 566 566
0 0 145 567 567
1142 1143 513 568 571
0 0 253 568 568
1144 1145 557 569 571
0 0 441 569 569
1146 1147 189 570 571
0 0 761 570 570
0 0 578 571 571
1149 1152 129 572 575
1150 1151 809 572 573
0 0 323 572 572
0 0 17 573 573
1153 1154 634 574 575
0 0 185 574 574
0 0 306 575 575
1156 1165 733 576 584
1157 1162 173 576 580
1158 1161 117 576 578
1159 1160 603 576 577
0 0 106 576 576
0 0 353 577 577
0 0 301 578 578
1163 1164 715 579 580
0 0 331 579 579
0 0 161 580 580
1166 1171 49 581 584
1167 1168 961 581 583
0 0 129 581 581
1169 1170 244 582 583
0 0 144 582 582
0 0 681 583 583
0 0 541 584 584
1173 1234 553 585 694
1174 1175 167 585 615
0 0 897 585 585
1176 1189 9 586 615
1177 1188 937 586 592
1178 1181 896 586 591
1179 1180 513 586 587
0 0 545 586 586
0 0 171 587 587
1182 1183 729 588 591
0 0 426 588 588
1184 1185 661 589 591
0 0 769 589 589
1186 1187 212 590 591
0 0 349 590 590
0 0 501 591 591
0 0 637 592 592
1190 1231 560 593 615
1191 1194 499 593 613
1192 1193 441 593 594
0 0 826 593 593
0 0 321 594 594
1195 1208 17 595 613
1196 1197 851 595 601
0 0 316 595 595
1198 1199 543 596 601
0 0 871 596 596
1200 1205 33 597 601
1201 1202 631 597 599
0 0 345 597 597
1203 1204 59 598 599
0 0 725 598 598
0 0 218 599 599
1206 1207 490 600 601
0 0 552 600 600
0 0 345 601 601
1209 1226 197 602 613
1210 1217 765 602 610
1211 1214 1 602 605
1212 1213 399 602 603
0 0 681 602 602
0 0 946 603 603
1215 1216 150 604 605
0 0 867 604 604
0 0 987 605 605
1218 1223 425 606 610
1219 1220 741 606 608
0 0 546 606 606
1221 1222 169 607 608
0 0 675 607 607
0 0 68 608 608
1224 1225 529 609 610
0 0 738 609 609
0 0 241 610 610
1227 1228 781 611 613
0 0 91 611 611
1229 1230 821 612 613
0 0 226 612 612
0 0 557 613 613
1232 1233 557 614 615
0 0 1 614 614
0 0 286 615 615
1235 1284 425 616 694
1236 1277 411 616 640
1237 1264 661 616 636
1238 1243 101 616 629
1239 1240 735 616 618
0 0 117 616 616
1241 1242 252 617 618
0 0 603 617 617
0 0 9 618 618
1244 1257 201 619 629
1245 1246 351 619 625
0 0 843 619 619
1247 1254 297 620 625
1248 1249 191 620 623
0 0 99 620 620
1250 1251 121 621 623
0 0 236 621 621
1252 1253 366 622 623
0 0 281 622 622
0 0 137 623 623
1255 1256 105 624 625
0 0 907 624 624
0 0 281 625 625
1258 1259 940 626 629
0 0 673 626 626
1260 1261 777 627 629
0 0 625 627 627
1262 1263 212 628 629
0 0 281 628 628
0 0 500 629 629
1265 1272 133 630 636
1266 1267 701 630 633
0 0 577 630 630
1268 1269 446 631 633
0 0 801 631 631
1270 1271 74 632 633
0 0 645 632 632
0 0 631 633 633
1273 1274 269 634 636
0 0 116 634 634
1275 1276 567 635 636
0 0 527 635 635
0 0 396 636 636
1278 1279 863 637 640
0 0 691 637 637
1280 1281 121 638 640
0 0 560 638 638
1282 1283 281 639 640
0 0 225 639 639
0 0 629 640 640
1285 1298 553 641 694
1286 1295 833 641 647
1287 1290 376 641 645
1288 1289 629 641 642
0 0 273 641 641
0 0 992 642 642
1291 1294 465 643 645
1292 1293 25 643 644
0 0 145 643 643
0 0 401 644 644
0 0 650 645 645
1296 1297 691 646 647
0 0 534 646 646
0 0 985 647 647
1299 1336 993 648 694
1300 1305 593 648 666
1301 1302 521 648 650
0 0 241 648 648
1303 1304 949 649 650
0 0 147 649 649
0 0 774 650 650
1306 1313 485 651 666
1307 1308 641 651 654
0 0 1 651 651
1309 1310 716 652 654
0 0 6 652 652
1311 1312 421 653 654
0 0 60 653 653
0 0 477 654 654
1314 1315 20 655 666
0 0 775 655 655
1316 1317 951 656 666
0 0 73 656 656
1318 1329 289 657 666
1319 1320 530 657 662
0 0 517 657 657
1321 1326 981 658 662
1322 1323 401 658 660
0 0 490 658 658
1324 1325 401 659 660
0 0 186 659 659
0 0 337 660 660
1327 1328 81 661 662
0 0 981 661 661
0 0 844 662 662
1330 1331 561 663 666
0 0 897 663 663
1332 1333 371 664 666
0 0 729 664 664
1334 1335 29 665 666
0 0 241 665 665
0 0 304 666 666
1337 1342 637 667 694
1338 1341 65 667 669
1339 1340 895 667 668
0 0 533 667 667
0 0 741 668 668
0 0 405 669 669
1343 1368 501 670 694
1344 1345 281 670 682
0 0 113 670 670
1346 1365 201 671 682
1347 1350 497 671 680
1348 1349 961 671 672
0 0 620 671 671
0 0 333 672 672
1351 1362 975 673 680
1352 1353 216 673 678
0 0 921 673 673
1354 1355 913 674 678
0 0 607 674 674
1356 1357 65 675 678
0 0 241 675 675
1358 1361 406 676 678
1359 1360 985 676 677
0 0 49 676 676
0 0 751 677 677
0 0 141 678 678
1363 1364 120 679 680
0 0 1 679 679
0 0 465 680 680
1366 1367 481 681 682
0 0 329 681 681
0 0 113 682 682
1369 1382 376 683 694
1370 1375 597 683 689
1371 1372 695 683 685
0 0 453 683 683
1373 1374 405 684 685
0 0 14 684 684
0 0 693 685 685
1376 1377 441 686 689
0 0 601 686 686
1378 1379 505 687 689
0 0 73 687 687
1380 1381 125 688 689
0 0 482 688 688
0 0 529 689 689
1383 1388 529 690 694
1384 1387 219 690 692
1385 1386 884 690 691
0 0 247 690 690
0 0 166 691 691
0 0 653 692 692
1389 1390 940 693 694
0 0 595 693 693
0 0 801 694 694
1392 1395 45 695 760
1393 1394 457 695 696
0 0 505 695 695
0 0 73 696 696
1396 1487 937 697 760
1397 1474 840 697 742
1398 1443 431 697 735
1399 1432 25 697 719
1400 1425 279 697 713
1401 1420 681 697 709
1402 1403 113 697 706
0 0 89 697 697
1404 1413 311 698 706
1405 1406 869 698 702
0 0 401 698 698
1407 1412 75 699 702
1408 1409 707 699 701
0 0 251 699 699
1410 1411 161 700 701
0 0 195 700 700
0 0 181 701 701
0 0 382 702 702
1414 1415 981 703 706
0 0 845 703 703
1416 1417 969 704 706
0 0 570 704 704
1418 1419 83 705 706
0 0 21 705 705
0 0 41 706 706
1421 1422 937 707 709
0 0 416 707 707
1423 1424 741 708 709
0 0 633 708 708
0 0 575 709 709
1426 1427 345 710 713
0 0 43 710 710
1428 1429 169 711 713
0 0 253 711 711
1430 1431 889 712 713
0 0 233 712 712
0 0 17 713 713
1433 1442 536 714 719
1434 1441 101 714 718
1435 1436 72 714 717
0 0 9 714 714
1437 1438 469 715 717
0 0 631 715 715
1439 1440 926 716 717
0 0 313 716 716
0 0 633 717 717
0 0 398 718 718
0 0 331 719 719
1444 1473 749 720 735
1445 1446 125 720 734
0 0 821 720 720
1447 1468 923 721 734
1448 1453 741 721 731
1449 1450 561 721 723
0 0 811 721 721
1451 1452 151 722 723
0 0 23 722 722
0 0 351 723 723
1454 1455 885 724 731
0 0 601 724 724
1456 1467 403 725 731
1457 1458 401 725 730
0 0 221 725 725
1459 1460 991 726 730
0 0 866 726 726
1461 1466 721 727 730
1462 1465 588 727 729
1463 1464 768 727 728
0 0 906 727 727
0 0 781 728 728
0 0 839 729 729
0 0 421 730 730
0 0 691 731 731
1469 1470 405 732 734
0 0 23 732 732
1471 1472 249 733 734
0 0 274 733 733
0 0 625 734 734
0 0 239 735 735
1475 1476 117 736 742
0 0 238 736 736
1477 1484 732 737 742
1478 1479 217 737 740
0 0 841 737 737
1480 1481 271 738 740
0 0 715 738 738
1482 1483 901 739 740
0 0 986 739 739
0 0 242 740 740
1485 1486 751 741 742
0 0 148 741 741
0 0 716 742 742
1488 1517 9 743 760
1489 1490 813 743 757
0 0 65 743 743
1491 1508 164 744 757
1492 1493 421 744 752
0 0 630 744 744
1494 1503 942 745 752
1495 1496 553 745 749
0 0 97 745 745
1497 1502 756 746 749
1498 1499 23 746 748
0 0 5 746 746
1500 1501 601 747 748
0 0 231 747 747
0 0 376 748 748
0 0 540 749 749
1504 1505 119 750 752
0 0 965 750 750
1506 1507 46 751 752
0 0 81 751 751
0 0 71 752 752
1509 1512 505 753 757
1510 1511 223 753 754
0 0 375 753 753
0 0 417 754 754
1513 1516 757 755 757
1514 1515 782 755 756
0 0 341 755 755
0 0 869 756 756
0 0 561 757 757
1518 1519 881 758 760
0 0 901 758 758
1520 1521 907 759 760
0 0 796 759 759
0 0 923 760 760
1523 1528 193 761 766
1524 1525 705 761 763
0 0 513 761 761
1526 1527 763 762 763
0 0 269 762 762
0 0 241 763 763
1529 1530 1 764 766
0 0 321 764 764
1531 1532 74 765 766
0 0 572 765 765
0 0 505 766 766
1534 1961 153 767 1000
1535 1552 991 767 980
1536 1545 733 767 775
1537 1538 888 767 771
0 0 179 767 767
1539 1540 211 768 771
0 0 975 768 768
1541 1542 677 769 771
0 0 365 769 769
1543 1544 673 770 771
0 0 801 770 770
0 0 371 771 771
1546 1547 344 772 775
0 0 753 772 772
1548 1549 333 773 775
0 0 593 773 773
1550 1551 76 774 775
0 0 159 774 774
0 0 881 775 775
1553 1752 485 776 980
1554 1637 1 776 875
1555 1560 509 776 817
1556 1557 439 776 778
0 0 791 776 776
1558 1559 153 777 778
0 0 946 777 777
0 0 593 778 778
1561 1602 405 779 817
1562 1563 250 779 799
0 0 77 779 779
1564 1601 379 780 799
1565 1566 785 780 798
0 0 18 780 780
1567 1586 491 781 798
1568 1581 319 781 790
1569 1570 806 781 787
0 0 265 781 781
1571 1572 26 782 787
0 0 783 782 782
1573 1574 316 783 787
0 0 385 783 783
1575 1576 190 784 787
0 0 776 784 784
1577 1580 502 785 787
1578 1579 1 785 786
0 0 151 785 785
0 0 251 786 786
0 0 581 787 787
1582 1583 344 788 790
0 0 685 788 788
1584 1585 79 789 790
0 0 751 789 789
0 0 331 790 790
1587 1596 152 791 798
1588 1593 419 791 795
1589 1592 836 791 793
1590 1591 837 791 792
0 0 461 791 791
0 0 531 792 792
0 0 780 793 793
1594 1595 156 794 795
0 0 293 794 794
0 0 500 795 795
1597 1598 253 796 798
0 0 79 796 796
1599 1600 299 797 798
0 0 289 797 797
0 0 137 798 798
0 0 517 799 799
1603 1606 841 800 817
1604 1605 251 800 801
0 0 453 800 800
0 0 940 801 801
1607 1632 441 802 817
1608 1609 276 802 814
0 0 100 802 802
1610 1621 724 803 814
1611 1618 193 803 808
1612 1615 481 803 806
1613 1614 782 803 804
0 0 158 803 803
0 0 853 804 804
1616 1617 374 805 806
0 0 161 805 805
0 0 393 806 806
1619 1620 604 807 808
0 0 61 807 807
0 0 737 808 808
1622 1627 401 809 814
1623 1624 706 809 811
0 0 817 809 809
1625 1626 93 810 811
0 0 625 810 810
0 0 573 811 811
1628 1629 743 812 814
0 0 505 812 812
1630 1631 334 813 814
0 0 897 813 813
0 0 101 814 814
1633 1634 753 815 817
0 0 867 815 815
1635 1636 853 816 817
0 0 185 816 816
0 0 805 817 817
1638 1739 787 818 875
1639 1700 1 818 868
1640 1645 190 818 848
1641 1644 697 818 820
1642 1643 603 818 819
0 0 369 818 818
0 0 728 819 819
0 0 921 820 820
1646 1697 621 821 848
1647 1678 221 821 846
1648 1657 481 821 836
1649 1650 91 821 825
0 0 169 821 821
1651 1652 293 822 825
0 0 21 822 822
1653 1654 681 823 825
0 0 994 823 823
1655 1656 631 824 825
0 0 865 824 824
0 0 589 825 825
1658 1659 111 826 836
0 0 545 826 826
1660 1669 721 827 836
1661 1666 873 827 831
1662 1665 2 827 829
1663 1664 959 827 828
0 0 709 827 827
0 0 591 828 828
0 0 476 829 829
1667 1668 884 830 831
0 0 901 830 830
0 0 634 831 831
1670 1673 137 832 836
1671 1672 529 832 833
0 0 114 832 832
0 0 943 833 833
1674 1677 281 834 836
1675 1676 850 834 835
0 0 860 834 834
0 0 134 835 835
0 0 218 836 836
1679 1692 901 837 846
1680 1687 993 837 843
1681 1686 241 837 840
1682 1683 825 837 839
0 0 273 837 837
1684 1685 167 838 839
0 0 649 838 838
0 0 1 839 839
0 0 769 840 840
1688 1691 859 841 843
1689 1690 791 841 842
0 0 356 841 841
0 0 806 842 842
0 0 338 843 843
1693 1694 311 844 846
0 0 601 844 844
1695 1696 251 845 846
0 0 845 845 845
0 0 757 846 846
1698 1699 813 847 848
0 0 267 847 847
0 0 465 848 848
1701 1702 634 849 868
0 0 417 849 849
1703 1704 573 850 868
0 0 623 850 850
1705 1708 781 851 868
1706 1707 681 851 852
0 0 583 851 851
0 0 291 852 852
1709 1734 845 853 868
1710 1723 726 853 865
1711 1712 94 853 859
0 0 232 853 853
1713 1720 73 854 859
1714 1719 351 854 857
1715 1716 713 854 856
0 0 461 854 854
1717 1718 99 855 856
0 0 21 855 855
0 0 137 856 856
0 0 408 857 857
1721 1722 383 858 859
0 0 865 858 858
0 0 609 859 859
1724 1731 23 860 865
1725 1726 583 860 863
0 0 505 860 860
1727 1728 471 861 863
0 0 751 861 861
1729 1730 792 862 863
0 0 461 862 862
0 0 345 863 863
1732 1733 436 864 865
0 0 420 864 864
0 0 161 865 865
1735 1736 155 866 868
0 0 338 866 866
1737 1738 48 867 868
0 0 178 867 867
0 0 843 868 868
1740 1747 223 869 875
1741 1746 211 869 872
1742 1743 33 869 871
0 0 921 869 869
1744 1745 369 870 871
0 0 633 870 870
0 0 957 871 871
0 0 907 872 872
1748 1749 853 873 875
0 0 263 873 873
1750 1751 197 874 875
0 0 337 874 874
0 0 676 875 875
1753 1818 145 876 980
1754 1781 784 876 908
1755 1776 905 876 889
1756 1771 812 876 886
1757 1758 245 876 883
0 0 69 876 876
1759 1760 572 877 883
0 0 873 877 877
1761 1766 471 878 883
1762 1763 491 878 880
0 0 279 878 878
1764 1765 577 879 880
0 0 401 879 879
0 0 579 880 880
1767 1770 824 881 883
1768 1769 750 881 882
0 0 299 881 881
0 0 961 882 882
0 0 670 883 883
1772 1773 597 884 886
0 0 933 884 884
1774 1775 497 885 886
0 0 144 885 885
0 0 225 886 886
1777 1780 684 887 889
1778 1779 269 887 888
0 0 39 887 887
0 0 141 888 888
0 0 670 889 889
1782 1807 801 890 908
1783 1790 544 890 902
1784 1787 838 890 893
1785 1786 411 890 891
0 0 529 890 890
0 0 129 891 891
1788 1789 241 892 893
0 0 33 892 892
0 0 819 893 893
1791 1798 794 894 902
1792 1793 280 894 897
0 0 195 894 894
1794 1795 491 895 897
0 0 861 895 895
1796 1797 401 896 897
0 0 793 896 896
0 0 881 897 897
1799 1804 990 898 902
1800 1801 348 898 900
0 0 901 898 898
1802 1803 850 899 900
0 0 225 899 899
0 0 926 900 900
1805 1806 38 901 902
0 0 921 901 901
0 0 496 902 902
1808 1809 751 903 908
0 0 861 903 903
1810 1811 318 904 908
0 0 937 904 904
1812 1813 3 905 908
0 0 201 905 905
1814 1815 994 906 908
0 0 296 906 906
1816 1817 486 907 908
0 0 177 907 907
0 0 665 908 908
1819 1848 199 909 980
1820 1829 781 909 923
1821 1826 841 909 913
1822 1825 844 909 911
1823 1824 719 909 910
0 0 483 909 909
0 0 741 910 910
0 0 233 911 911
1827 1828 553 912 913
0 0 832 912 912
0 0 297 913 913
1830 1841 722 914 923
1831 1832 33 914 919
0 0 569 914 914
1833 1836 566 915 919
1834 1835 916 915 916
0 0 975 915 915
0 0 368 916 916
1837 1838 267 917 919
0 0 880 917 917
1839 1840 548 918 919
0 0 426 918 918
0 0 106 919 919
1842 1847 977 920 923
1843 1844 34 920 922
0 0 441 920 920
1845 1846 1 921 922
0 0 248 921 921
0 0 567 922 922
0 0 352 923 923
1849 1920 185 924 980
1850 1851 985 924 959
0 0 715 924 924
1852 1861 941 925 959
1853 1860 401 925 929
1854 1857 531 925 928
1855 1856 509 925 926
0 0 189 925 925
0 0 733 926 926
1858 1859 897 927 928
0 0 791 927 927
0 0 106 928 928
0 0 765 929 929
1862 1909 753 930 959
1863 1888 289 930 953
1864 1865 89 930 942
0 0 908 930 930
1866 1877 601 931 942
1867 1874 69 931 936
1868 1871 712 931 934
1869 1870 239 931 932
0 0 826 931 931
0 0 558 932 932
1872 1873 920 933 934
0 0 895 933 933
0 0 665 934 934
1875 1876 400 935 936
0 0 100 935 935
0 0 180 936 936
1878 1879 1 937 942
0 0 821 937 937
1880 1883 39 938 942
1881 1882 993 938 939
0 0 763 938 938
0 0 876 939 939
1884 1887 747 940 942
1885 1886 661 940 941
0 0 1 940 940
0 0 251 941 941
0 0 774 942 942
1889 1904 826 943 953
1890 1897 943 943 950
1891 1892 1 943 946
0 0 601 943 943
1893 1896 379 944 946
1894 1895 881 944 945
0 0 381 944 944
0 0 252 945 945
0 0 847 946 946
1898 1903 929 947 950
1899 1902 839 947 949
1900 1901 964 947 948
0 0 257 947 947
0 0 96 948 948
0 0 954 949 949
0 0 573 950 950
1905 1906 301 951 953
0 0 553 951 951
1907 1908 184 952 953
0 0 361 952 952
0 0 783 953 953
1910 1913 28 954 959
1911 1912 123 954 955
0 0 97 954 954
0 0 868 955 955
1914 1917 211 956 959
1915 1916 375 956 957
0 0 927 956 956
0 0 13 957 957
1918 1919 141 958 959
0 0 217 958 958
0 0 45 959 959
1921 1924 864 960 980
1922 1923 501 960 961
0 0 687 960 960
0 0 766 961 961
1925 1958 976 962 980
1926 1935 6 962 978
1927 1932 129 962 966
1928 1929 25 962 964
0 0 135 962 962
1930 1931 261 963 964
0 0 651 963 963
0 0 325 964 964
1933 1934 578 965 966
0 0 946 965 965
0 0 320 966 966
1936 1937 851 967 978
0 0 681 967 967
1938 1939 169 968 978
0 0 715 968 968
1940 1949 691 969 978
1941 1942 986 969 973
0 0 384 969 969
1943 1944 145 970 973
0 0 765 970 970
1945 1946 953 971 973
0 0 921 971 971
1947 1948 936 972 973
0 0 337 972 972
0 0 439 973 973
1950 1951 41 974 978
0 0 491 974 974
1952 1957 249 975 978
1953 1954 715 975 977
0 0 583 975 975
1955 1956 453 976 977
0 0 57 976 976
0 0 926 977 977
0 0 473 978 978
1959 1960 534 979 980
0 0 666 979 979
0 0 1000 980 980
1962 1965 138 981 1000
1963 1964 153 981 982
0 0 720 981 981
0 0 165 982 982
1966 1971 227 983 1000
1967 1968 916 983 985
0 0 203 983 983
1969 1970 393 984 985
0 0 281 984 984
0 0 666 985 985
1972 1989 523 986 1000
1973 1982 498 986 994
1974 1981 161 986 990
1975 1980 325 986 989
1976 1977 313 986 988
0 0 919 986 986
1978 1979 137 987 988
0 0 215 987 987
0 0 679 988 988
0 0 593 989 989
0 0 941 990 990
1983 1988 105 991 994
1984 1985 905 991 993
0 0 160 991 991
1986 1987 776 992 993
0 0 841 992 992
0 0 669 993 993
0 0 553 994 994
1990 1991 395 995 1000
0 0 953 995 995
1992 1999 961 996 1000
1993 1994 88 996 999
0 0 341 996 996
1995 1996 576 997 999
0 0 976 997 997
1997 1998 301 998 999
0 0 181 998 998
0 0 861 999 999
0 0 478 1000 1000
77 833 621
407 689 247
511 601 673
96 901 921
1 611 193
24 247 626
266 674 671
657 812 697
556 700 969
257 325 152
114 269 689
353 403 325
301 959 753
177 477 733
568 961 313
63 191 266
134 345 196
281 643 855
254 655 431
587 800 726
211 341 346
473 751 573
521 665 182
27 371 544
547 986 567
521 871 417
201 245 245
375 968 207
105 283 799
733 966 419
299 627 876
281 685 93
671 831 417
257 949 165
185 933 898
401 473 169
589 698 785
20 51 869
463 785 167
189 711 965
1 205 697
245 721 908
211 859 993
853 974 21
25 33 314
201 305 611
179 371 901
118 997 927
62 595 281
55 269 577
523 852 915
201 601 633
299 885 125
359 501 301
91 451 761
79 529 251
577 795 385
293 777 877
269 664 716
143 148 161
77 702 626
372 625 851
298 743 51
41 726 578
345 401 501
17 714 250
797 964 701
575 910 711
735 810 80
199 911 81
41 769 349
97 825 792
301 635 590
885 911 781
33 401 595
59 328 423
81 183 321
417 811 233
346 439 256
645 785 757
73 759 781
526 893 993
346 737 265
453 944 900
331 589 791
269 693 1
241 801 957
821 984 755
721 921 13
499 651 509
75 93 769
314 571 343
257 629 820
547 731 131
236 553 857
115 657 621
135 231 998
84 163 257
293 419 341
87 983 25
231 409 824
117 607 319
445 628 460
142 503 401
101 312 649
721 931 237
265 331 495
37 607 161
424 891 526
841 961 938
125 728 823
689 731 141
576 884 900
103 658 411
917 994 337
169 196 821
493 948 991
421 745 498
496 741 492
239 441 876
429 713 350
521 955 337
255 521 987
421 775 259
63 943 886
217 329 7
409 913 317
41 463 296
653 750 21
317 489 318
497 589 761
421 669 150
795 976 881
573 771 679
289 797 490
201 529 126
685 961 569
416 726 493
641 877 130
183 249 117
66 131 311
153 715 863
521 626 249
456 837 107
9 141 311
177 753 328
642 915 627
207 388 801
137 865 471
105 943 586
102 345 451
439 637 945
741 966 921
501 625 613
203 906 653
176 577 189
233 527 933
51 746 617
689 881 133
251 548 306
367 664 233
51 366 710
251 820 921
231 385 991
225 638 115
579 641 508
155 921 201
193 929 13
6 361 33
201 784 251
284 686 281
489 639 597
97 181 310
839 955 373
286 937 277
341 839 807
221 628 425
399 996 729
387 889 721
310 629 491
89 276 693
409 703 642
89 751 529
143 720 948
933 966 273
246 817 231
601 679 199
745 897 527
361 833 369
234 791 185
21 561 881
211 751 661
1 303 955
601 919 225
301 961 179
403 601 308
321 901 859
401 470 992
321 477 171
209 217 841
390 431 861
695 834 697
552 917 737
61 761 11
147 381 655
195 861 782
17 941 636
211 245 19
665 676 25
780 916 3
121 753 785
164 517 421
128 907 361
296 521 876
654 726 432
420 799 548
598 783 437
422 751 993
455 751 583
417 501 414
689 765 595
621 749 453
251 915 265
311 747 261
304 338 533
69 817 436
111 321 72
577 884 906
463 829 71
657 831 850
623 651 459
68 122 1
531 985 241
234 975 358
201 846 745
367 929 701
135 549 925
273 689 337
97 857 113
258 811 898
114 415 953
24 808 328
266 349 1
337 389 60
435 608 578
135 212 742
657 985 553
226 785 557
401 486 505
231 670 861
582 681 766
301 744 432
141 866 801
60 521 898
737 903 217
229 381 129
412 751 772
351 576 571
781 959 625
309 729 621
641 641 497
27 601 33
377 623 606
9 66 149
271 837 556
461 590 465
921 991 485
21 262 755
261 679 11
1 429 433
426 646 41
489 879 889
365 401 937
589 597 798
195 980 901
231 885 573
419 511 145
73 103 89
809 865 128
361 401 279
335 625 871
279 296 839
126 841 112
681 683 605
241 918 469
67 935 277
1 889 329
460 808 217
481 537 517
1 501 461
417 825 435
510 889 10
378 441 26
397 895 394
541 757 1
459 819 441
265 824 720
712 806 801
36 681 136
257 961 935
225 680 98
123 337 121
407 866 451
311 532 742
51 193 691
53 85 435
549 945 433
509 622 681
11 13 959
22 626 97
125 201 241
785 997 321
611 733 181
53 226 101
557 999 591
89 543 906
511 825 601
133 291 701
151 229 231
631 721 836
641 709 126
145 676 259
274 649 264
851 884 701
526 730 322
493 954 431
61 515 185
525 693 807
501 773 147
321 897 477
83 931 704
297 323 445
1 470 39
316 336 927
92 158 208
1 734 229
581 725 793
195 897 620
961 967 189
651 731 226
170 729 657
364 943 815
314 321 376
181 624 558
747 856 173
377 881 241
586 665 485
441 741 471
401 997 547
392 667 189
201 955 331
552 672 617
9 672 29
296 392 105
501 642 45
801 860 117
49 106 785
645 676 48
86 489 405
277 757 361
13 641 126
195 239 785
85 251 652
734 913 869
344 801 241
417 977 319
581 913 633
81 124 590
265 849 217
733 889 25
360 949 11
1 159 693
23 153 75
129 479 57
751 787 53
727 981 379
125 905 323
503 978 245
538 818 169
177 450 685
101 365 533
467 730 815
73 742 625
644 996 801
527 552 590
531 701 361
507 981 61
441 946 601
476 696 401
545 667 833
597 768 985
163 640 643
301 410 376
376 521 498
466 981 306
529 863 751
793 881 893
347 676 477
149 460 433
526 971 569
65 897 991
89 431 833
281 525 980
63 213 225
337 576 47
740 961 241
204 729 124
138 401 301
63 635 931
31 659 454
90 457 290
501 931 355
727 921 110
601 639 58
521 878 622
521 915 681
60 433 487
566 606 727
893 992 717
451 639 229
533 678 845
190 857 553
365 513 913
261 965 451
73 985 711
401 697 255
267 627 428
336 988 404
129 621 358
501 561 510
271 505 999
761 954 347
138 225 379
121 434 577
786 801 9
225 425 594
121 676 95
5 981 585
470 561 540
37 636 381
704 995 489
665 945 890
384 737 169
257 441 201
106 265 423
743 831 801
38 895 348
50 713 158
85 583 115
453 625 236
244 869 66
181 851 51
61 341 184
517 991 913
79 436 697
313 704 177
877 905 176
287 905 647
593 923 161
235 489 909
113 330 349
626 753 917
89 790 84
621 641 546
451 853 365
222 585 521
341 604 826
41 431 500
11 881 267
149 704 313
861 926 387
366 896 791
771 887 509
449 779 380
501 751 577
177 815 901
577 703 651
425 976 820
21 227 626
525 721 798
365 531 93
655 833 417
301 491 411
499 729 857
382 663 521
97 746 757
693 703 291
257 260 449
358 921 931
644 649 933
273 445 443
9 665 537
25 323 345
657 783 645
913 953 391
6 81 469
501 649 255
877 985 701
241 595 295
271 279 750
225 967 113
131 416 765
291 749 649
266 670 9
725 863 73
17 851 25
25 661 197
201 619 21
241 921 816
206 239 455
167 691 1
441 893 881
165 463 257
541 831 803
177 661 431
774 937 511
913 921 21
231 561 205
313 839 135
227 763 765
447 621 419
521 787 956
801 969 861
17 993 25
413 679 45
349 597 112
297 676 761
170 529 316
511 776 521
409 821 27
563 681 201
537 741 161
155 573 829
1 581 809
111 337 265
113 206 301
241 960 892
529 989 281
391 869 803
589 665 445
346 484 395
303 446 909
196 250 720
181 685 57
377 702 457
775 981 891
489 716 408
93 169 625
369 466 951
626 995 416
705 885 139
1 81 819
17 244 339
157 841 8
231 626 175
166 441 444
712 870 609
509 601 731
231 319 209
328 345 403
283 296 936
386 701 551
237 369 647
625 737 25
253 746 41
185 345 977
511 519 861
32 185 979
521 545 713
56 341 646
273 881 711
397 741 549
431 881 841
425 821 327
175 249 637
19 523 215
354 635 296
481 729 689
221 799 643
47 236 403
698 886 153
33 709 321
659 970 441
87 251 873
16 157 969
255 967 871
129 223 217
241 801 963
371 919 417
71 705 186
321 691 984
319 969 9
341 929 1
141 380 702
481 489 481
760 775 1
401 765 772
211 977 577
82 876 146
306 395 233
100 258 249
311 565 185
155 777 186
91 97 152
98 888 141
120 692 697
393 893 495
25 241 623
148 193 382
60 585 255
28 794 1
338 569 260
66 361 201
73 791 662
1 505 281
214 766 937
77 555 393
661 934 391
145 607 245
21 251 601
73 301 949
659 689 616
18 355 571
501 811 31
1 659 965
561 850 161
140 895 422
25 501 419
251 393 967
518 781 792
553 809 373
177 433 37
593 937 525
51 585 193
487 563 597
281 748 857
477 889 941
482 609 587
385 721 159
413 793 321
371 540 41
317 342 679
176 993 310
251 860 705
228 904 961
361 529 247
529 676 125
193 391 85
138 161 699
756 881 101
881 905 721
491 575 289
547 869 243
376 911 365
395 984 865
79 126 187
411 601 293
171 646 913
698 968 161
81 150 181
67 777 166
91 243 915
1 481 489
541 921 665
245 851 305
521 977 486
77 413 216
402 671 369
375 524 593
121 653 634
261 959 377
506 945 388
326 757 560
231 486 971
81 124 331
869 955 215
662 697 541
39 971 790
276 945 251
586 976 687
609 841 45
36 88 165
501 1000 959
325 873 148
2 523 87
827 863 389
146 417 801
176 265 225
23 970 129
25 601 83
212 426 361
799 893 148
305 528 833
168 341 495
971 981 831
163 291 673
829 989 321
452 841 402
185 377 780
17 233 856
693 803 399
191 528 65
934 943 185
513 757 4
481 785 861
201 961 773
377 813 404
401 821 601
761 921 190
360 737 981
545 673 731
221 498 983
411 737 749
317 989 446
96 419 566
501 523 447
181 297 483
1 287 393
52 481 676
257 301 545
546 709 641
696 705 688
817 934 241
553 581 687
349 668 777
719 807 251
457 478 577
457 681 461
139 785 154
117 995 656
241 953 775
88 534 198
165 815 233
56 321 911
476 871 301
426 449 827
118 321 601
317 369 209
41 161 986
219 296 949
102 511 551
201 502 240
741 901 879
81 491 879
119 197 451
965 981 469
21 169 421
132 672 781
805 925 925
476 890 878
256 549 501
694 913 400
327 681 74
121 601 889
801 981 250
761 789 201
276 701 701
481 581 627
73 701 521
17 377 616
351 572 473
823 863 601
77 560 529
505 822 731
17 725 321
558 726 51
529 769 907
271 722 517
641 923 776
193 823 269
894 901 501
867 981 50
41 601 345
377 417 281
193 535 837
141 655 225
265 601 698
247 718 297
260 346 308
1 212 679
425 851 41
533 989 497
389 831 689
106 221 221
57 243 577
126 947 229
567 952 930
119 466 233
301 341 991
193 353 150
234 289 385
224 465 443
90 555 21
283 977 711
345 441 854
237 877 823
477 876 241
237 761 81
660 746 537
717 953 987
65 538 39
19 105 898
343 791 569
870 947 9
849 866 959
321 417 161
233 541 192
393 491 359
81 361 581
327 486 953
175 804 27
431 499 76
171 529 401
489 973 241
329 819 199
129 286 753
222 957 212
685 991 598
329 975 151
219 401 476
537 601 186
139 801 513
377 605 944
294 631 476
124 531 689
781 965 126
262 711 601
751 917 986
491 973 568
689 825 407
546 641 157
17 499 434
195 637 681
201 465 737
431 437 606
23 209 284
162 281 24
460 475 404
846 906 129
155 333 106
559 771 437
567 724 331
59 944 871
369 956 801
349 371 629
225 437 729
501 674 640
631 865 596
419 711 81
167 781 873
381 747 436
481 791 849
43 650 739
93 386 788
10 801 681
73 259 521
575 729 566
314 677 245
419 773 877
121 293 241
237 374 857
165 989 366
392 793 613
84 169 481
121 531 797
376 761 8
709 811 600
505 739 797
401 842 372
113 593 751
421 917 338
316 416 793
9 251 541
859 921 503
634 912 905
187 789 157
521 886 540
376 619 1
393 792 189
649 817 9
533 964 361
49 921 381
317 687 614
194 806 253
665 918 637
733 971 709
551 741 674
152 236 5
551 766 305
511 681 249
599 731 426
505 987 455
257 323 973
781 847 656
161 404 175
368 659 609
333 406 383
171 293 404
101 201 837
33 481 787
375 452 342
159 313 91
32 531 824
317 416 88
457 959 409
409 441 890
811 931 105
251 556 747
404 556 924
651 955 184
601 623 601
606 924 613
221 913 111
11 495 281
256 421 661
81 126 309
463 612 561
21 605 585
449 984 81
295 896 537
17 409 685
581 787 247
611 715 949
314 836 361
101 629 325
557 988 641
97 788 86
171 633 427
27 333 793
406 729 501
517 601 267
431 473 221
294 529 305
79 651 980
201 969 245
14 225 581
325 943 596
474 833 601
190 521 11
581 725 244
589 674 249
151 913 137
71 311 99
241 911 151
51 575 281
746 841 601
97 223 725
316 449 785
449 513 310
426 901 559
349 467 705
401 945 797
70 933 681
233 911 162
356 411 182
977 981 327
206 777 57
751 860 748
281 985 48
426 617 533
273 820 786
89 671 695
493 961 681
433 699 631
789 883 107
51 409 843
256 437 896
797 913 49
661 815 431
251 261 401
436 675 701
291 361 721
501 890 422
620 912 341
173 489 612
369 425 645
393 411 657
233 501 391
311 993 689
11 95 137
521 793 86
215 233 665
182 957 907
281 481 881
143 387 329
181 489 93
595 723 910
252 303 81
145 557 96
291 782 265
808 921 962
381 921 279
711 961 423
641 977 181
923 951 729
246 951 443
663 886 177
76 455 474
109 767 777
471 539 839
581 604
106 171
71 403
551 639
595 951
193 632
10 695
640 901
905 993
519 623
405 931
245 313
505 661
327 658
466 953
718 753
389 477
561 831
213 545
329 529
67 189
551 664
427 629
401 899
701 940
116 977
217 827
341 937
1 576
83 289
281 764
151 377
641 692
371 471
881 999
268 873
322 991
386 511
80 501
311 725
734 842
681 791
1 249
243 635
745 957
113 353
33 529
321 649
577 771
187 881
21 671
581 991
351 391
443 885
171 673
505 532
121 303
355 919
594 905
9 163
371 812
213 501
459 593
173 801
63 427
579 646
301 729
27 657
278 813
821 929
278 841
351 401
921 949
777 901
337 485
97 601
456 843
801 867
201 857
761 801
641 860
289 903
404 534
41 401
43 863
981 983
695 813
717 801
141 657
76 841
226 481
66 523
131 226
178 401
380 921
405 408
581 666
393 829
1 356
844 917
595 652
92 973
537 741
116 569
782 786
154 537
171 229
799 996
13 893
171 856
801 857
15 951
367 937
135 901
874 911
317 695
801 901
237 435
449 491
598 727
616 989
100 263
101 489
89 137
81 801
201 743
454 841
1 251
485 630
200 601
225 847
502 788
319 951
503 660
121 410
33 873
601 945
345 960
675 802
149 962
703 709
201 586
445 619
218 259
221 689
566 905
649 673
442 841
526 793
181 345
873 931
429 897
231 261
116 940
57 864
70 899
229 481
73 91
71 145
796 855
239 491
385 801
539 941
501 603
251 931
266 781
433 529
713 995
741 775
33 501
595 691
257 271
504 613
201 332
575 757
463 849
877 902
104 794
615 645
143 259
257 753
357 633
641 945
209 673
401 637
764 913
273 447
327 827
656 699
21 275
385 560
409 661
5 953
117 973
306 975
287 961
109 785
426 988
550 901
780 923
520 837
315 707
503 903
645 801
507 993
389 533
557 824
496 945
190 405
361 468
17 821
236 312
476 903
31 640
385 434
192 569
669 755
236 963
299 481
106 361
730 949
308 705
13 205
859 927
236 488
751 883
201 777
449 761
107 439
181 639
9 549
471 901
193 780
331 523
105 776
904 909
549 699
478 940
234 598
157 588
309 737
963 965
176 241
925 961
801 853
356 834
618 941
240 849
233 650
73 253
385 969
581 1000
336 755
524 935
333 377
211 313
109 341
173 923
401 701
241 625
375 459
349 869
415 457
242 283
128 504
451 542
565 777
521 893
901 947
610 940
257 937
416 883
281 745
709 831
65 93
283 583
88 657
228 393
25 285
128 659
618 876
553 970
190 329
398 486
381 806
392 817
431 447
263 437
241 274
183 953
728 871
175 498
585 665
420 706
697 841
662 681
328 639
861 891
61 861
781 826
651 823
161 621
312 503
412 961
45 940
596 801
89 321
36 888
403 926
705 869
44 895
797 941
836 933
141 625
401 551
265 531
281 317
61 865
515 528
14 665
475 861
197 933
1 421
182 261
575 813
589 630
381 510
629 689
253 420
9 401
81 857
736 961
9 324
313 329
541 759
79 940
281 441
611 914
651 846
583 713
744 946
545 914
613 961
211 523
901 961
523 630
737 972
143 821
657 911
121 941
576 641
131 931
561 851
76 701
139 671
683 716
302 321
379 806
605 887
266 879
493 1000
797 921
431 551
13 47
301 439
191 960
51 412
73 91
511 669
185 366
682 817
566 666
65 427
13 761
455 695
292 929
491 881
81 951
401 735
76 117
51 541
231 431
139 413
498 535
809 816
211 733
763 971
688 863
567 770
107 128
485 676
904 929
27 726
785 817
9 871
677 857
769 873
71 818
77 108
1 877
761 897
351 712
784 836
476 535
297 471
457 705
261 971
521 557
211 849
377 473
1 927
179 646
45 871
173 381
131 210
317 322
621 633
316 765
45 253
517 795
595 729
631 641
140 770
251 273
159 793
726 833
113 487
130 691
633 701
265 685
175 259
204 770
381 595
371 532
702 821
467 603
366 626
417 527
243 997
733 885
71 211
273 302
73 759
9 785
518 873
197 214
27 934
85 741
103 397
141 910
450 866
25 250
269 561
129 898
113 917
244 590
21 571
221 940
43 991
292 753
57 225
911 961
369 854
426 575
229 776
693 861
705 753
641 755
356 413
93 973
1 395
345 723
724 971
403 723
138 161
721 889
272 329
933 997
657 778
603 606
701 986
77 901
81 478
154 739
89 845
492 673
300 387
443 951
501 795
565 926
155 741
197 707
401 503
172 653
551 649
121 473
378 860
584 651
759 949
164 941
477 672
370 506
327 993
283 646
222 227
331 402
801 901
145 872
557 989
634 727
101 970
641 943
29 126
18 593
779 955
181 871
545 673
91 314
24 506
451 621
305 911
301 801
66 757
721 863
301 666
185 566
288 739
579 649
58 186
334 985
161 381
577 745
153 409
185 737
526 751
401 587
31 601
605 897
417 608
862 977
1 206
1 345
73 759
145 446
185 918
251 801
333 506
9 621
777 989
226 570
660 684
446 469
385 769
701 741
241 401
47 751
41 418
925 993
461 463
335 571
261 793
619 761
315 391
709 854
78 681
247 599
676 873
29 127
141 686
410 582
871 945
601 833
121 806
83 189
361 737
805 901
381 586
169 529
625 903
70 813
1 43
489 516
260 509
221 476
138 477
552 811
305 453
371 425
23 347
1 43
131 911
174 665
275 985
368 610
251 502
174 713
257 360
131 609
89 831
473 508
136 539
301 978
447 457
533 901
333 764
577 753
267 896
293 361
657 857
841 929
1 501
801 886
257 937
476 725
925 982
389 717
83 189
889 966
299 508
63 84
195 766
595 881
267 833
1 691
369 492
549 948
297 581
31 59
673 677
376 905
111 921
91 541
361 425
314 903
81 297
93 308
505 876
367 905
639 793
116 395
753 761
165 770
25 664
141 907
181 471
337 645
225 576
603 986
311 583
92 913
303 315
251 735
269 309
217 263
61 726
328 387
437 963
371 740
750 968
29 264
465 729
143 591
294 694
282 631
209 833
206 480
697 766
445 633
614 661
293 841
339 561
31 767
197 996
333 819
223 921
864 963
289 345
637 788
511 883
389 545
202 505
477 985
611 943
200 864
21 674
407 578
187 270
336 501
389 668
261 291
251 835
57 841
171 744
513 961
109 768
29 868
417 993
286 400
143 993
155 831
361 512
381 853
42 347
49 967
491 541
169 565
130 860
271 540
87 542
375 870
204 887
113 815
121 785
73 669
247 373
134 961
485 771
995 996
125 481
141 280
221 918
133 851
13 925
729 821
209 807
794 931
133 933
41 853
433 958
418 645
553 724
81 577
91 757
245 461
581 681
39 890
1 901
233 320
7 507
421 426
649 761
417 662
479 669
616 642
347 659
65 353
1 977
140 697
164 598
1 643
467 614
25 435
601 841
521 521
676 810
317 737
295 821
106 515
221 875
193 727
5 464
151 944
185 671
293 701
13 656
651 895
181 201
161 404
469 621
83 581
285 871
393 734
173 249
41 920
345 597
391 825
31 281
143 959
401 583
511 801
381 431
853 945
49 889
353 989
587 1000
97 161
761 985
1 711
1 971
137 471
207 511
1 501
59 61
478 657
251 601
225 953
621 718
216 806
9 617
619 761
367 865
373 466
19 501
101 177
67 856
26 551
673 719
419 595
447 761
351 897
318 841
60 792
26 339
161 891
233 389
178 403
39 881
577 691
545 877
305 482
265 801
529 947
296 641
74 569
333 737
555 957
631 713
138 459
121 597
29 353
51 115
229 245
428 501
55 923
53 313
333 441
335 405
512 725
805 971
17 211
115 244
351 927
509 636
294 713
515 785
509 866
448 881
261 405
377 457
49 229
648 694
648 929
569 689
381 799
531 689
41 201
749 953
1 150
489 962
105 576
453 595
356 401
1 649
333 759
9 817
345 368
223 693
177 411
141 607
84 608
414 781
23 241
16 561
77 995
13 377
126 236
65 287
905 935
226 367
648 865
146 201
623 998
393 881
545 641
76 831
253 559
113 427
27 961
387 738
681 731
489 589
213 461
15 727
369 599
205 533
49 829
13 86
31 417
65 417
610 613
149 351
74 775
464 709
169 746
483 561
237 801
434 985
281 560
4 160
403 541
322 473
289 502
290 762
1 465
475 804
697 829
461 626
757 905
57 601
724 976
836 865
167 865
536 657
141 225
871 911
201 688
369 920
539 782
201 366
583 605
753 825
314 867
361 431
201 666
651 770
46 110
73 878
894 941
726 751
181 208
377 887
275 835
529 765
157 521
233 343
303 797
219 793
701 809
117 137
53 141
219 245
216 613
611 650
33 751
705 791
506 811
287 556
181 593
269 417
36 651
71 226
54 638
178 601
637 680
723 751
569 836
259 853
231 451
31 783
334 876
704 851
745 751
207 464
151 201
751 979
9 81
471 505
329 901
111 273
286 663
266 693
769 919
359 647
351 967
609 925
169 281
329 619
137 532
71 706
564 1000
71 874
177 700
57 419
11 487
621 883
433 469
579 611
345 941
381 606
857 860
